p0:= PermList([1, 2, 3, 4, 5, 6, 7, 8]);
p1:= PermList([1, 2, 3, 7, 6, 5, 4, 8]);
p2:= PermList([1, 2, 3, 7, 6, 5, 4, 8]);
p3:= PermList([2, 6, 8, 7, 1, 5, 3, 4]);
p4:= PermList([6, 2, 4, 3, 5, 1, 7, 8]);
p5:= PermList([5, 2, 7, 1, 4, 3, 6, 8]);
p6:= PermList([1, 2, 3, 6, 7, 4, 5, 8]);
p7:= PermList([1, 2, 3, 5, 4, 7, 6, 8]);
p8:= PermList([6, 1, 4, 5, 8, 7, 2, 3]);
p9:= PermList([6, 2, 4, 7, 1, 5, 3, 8]);
p10:= PermList([1, 6, 3, 8, 5, 2, 7, 4]);
p11:= PermList([2, 6, 8, 3, 5, 1, 7, 4]);
p12:= PermList([1, 5, 3, 2, 4, 8, 6, 7]);
p13:= PermList([4, 1, 6, 2, 5, 8, 7, 3]);
p14:= PermList([2, 4, 8, 3, 7, 1, 5, 6]);
G:=Group(p0,p1,p2,p3,p4,p5,p6,p7,p8,p9,p10,p11,p12,p13,p14);